320
25
8
5
5
320
1	0	
1	1	
1	2	
1	3	
1	4	
1	5	
1	6	
1	7	
1	8	
1	9	
1	10	
1	11	
1	12	
1	13	
1	14	
1	15	
1	16	
1	17	
1	18	
1	19	
1	20	
1	21	
1	22	
1	23	
1	24	
1	25	
1	26	
1	27	
1	28	
1	29	
1	30	
1	31	
1	32	
1	33	
1	34	
1	35	
1	36	
1	37	
1	38	
1	39	
1	40	
1	41	
1	42	
1	43	
1	44	
1	45	
1	46	
1	47	
1	48	
1	49	
1	50	
1	51	
1	52	
1	53	
1	54	
1	55	
1	56	
1	57	
1	58	
1	59	
1	60	
1	61	
1	62	
1	63	
1	64	
1	65	
1	66	
1	67	
1	68	
1	69	
1	70	
1	71	
1	72	
1	73	
1	74	
1	75	
1	76	
1	77	
1	78	
1	79	
1	80	
1	81	
1	82	
1	83	
1	84	
1	85	
1	86	
1	87	
1	88	
1	89	
1	90	
1	91	
1	92	
1	93	
1	94	
1	95	
1	96	
1	97	
1	98	
1	99	
1	100	
1	101	
1	102	
1	103	
1	104	
1	105	
1	106	
1	107	
1	108	
1	109	
1	110	
1	111	
1	112	
1	113	
1	114	
1	115	
1	116	
1	117	
1	118	
1	119	
1	120	
1	121	
1	122	
1	123	
1	124	
1	125	
1	126	
1	127	
1	128	
1	129	
1	130	
1	131	
1	132	
1	133	
1	134	
1	135	
1	136	
1	137	
1	138	
1	139	
1	140	
1	141	
1	142	
1	143	
1	144	
1	145	
1	146	
1	147	
1	148	
1	149	
1	150	
1	151	
1	152	
1	153	
1	154	
1	155	
1	156	
1	157	
1	158	
1	159	
1	160	
1	161	
1	162	
1	163	
1	164	
1	165	
1	166	
1	167	
1	168	
1	169	
1	170	
1	171	
1	172	
1	173	
1	174	
1	175	
1	176	
1	177	
1	178	
1	179	
1	180	
1	181	
1	182	
1	183	
1	184	
1	185	
1	186	
1	187	
1	188	
1	189	
1	190	
1	191	
1	192	
1	193	
1	194	
1	195	
1	196	
1	197	
1	198	
1	199	
1	200	
1	201	
1	202	
1	203	
1	204	
1	205	
1	206	
1	207	
1	208	
1	209	
1	210	
1	211	
1	212	
1	213	
1	214	
1	215	
1	216	
1	217	
1	218	
1	219	
1	220	
1	221	
1	222	
1	223	
1	224	
1	225	
1	226	
1	227	
1	228	
1	229	
1	230	
1	231	
1	232	
1	233	
1	234	
1	235	
1	236	
1	237	
1	238	
1	239	
1	240	
1	241	
1	242	
1	243	
1	244	
1	245	
1	246	
1	247	
1	248	
1	249	
1	250	
1	251	
1	252	
1	253	
1	254	
1	255	
1	256	
1	257	
1	258	
1	259	
1	260	
1	261	
1	262	
1	263	
1	264	
1	265	
1	266	
1	267	
1	268	
1	269	
1	270	
1	271	
1	272	
1	273	
1	274	
1	275	
1	276	
1	277	
1	278	
1	279	
1	280	
1	281	
1	282	
1	283	
1	284	
1	285	
1	286	
1	287	
1	288	
1	289	
1	290	
1	291	
1	292	
1	293	
1	294	
1	295	
1	296	
1	297	
1	298	
1	299	
1	300	
1	301	
1	302	
1	303	
1	304	
1	305	
1	306	
1	307	
1	308	
1	309	
1	310	
1	311	
1	312	
1	313	
1	314	
1	315	
1	316	
1	317	
1	318	
1	319	
68	0.0766465	0
67	0.0841219	1
58	0.0700453	2
70	0.0702126	3
69	0.479397	4
69	0.0707511	0
71	0.0719775	1
67	0.0700332	2
53	0.077047	3
59	0.110254	4
47	0.070185	0
52	0.0941461	1
53	0.0737336	2
71	0.0706695	3
62	0.138936	4
49	0.0702246	0
59	0.070242	1
63	0.0900148	2
68	0.118772	3
45	0.179536	4
55	0.0763093	0
58	0.0708958	1
54	0.230732	2
53	0.29727	3
0	0	4
0	23	20	11	15	14	3	12	10	1	18	19	4	9	17	8	7	16	13	6	21	22	5	23	24	32	24	52	18	53	35	54	27	20	15	7	21	25	32	64	52	46	39	44	13	45	11	500	
1	23	17	7	0	2	6	15	3	8	23	10	1	11	22	14	4	18	21	19	16	12	9	20	24	7	60	49	55	38	41	47	14	57	52	11	17	37	17	47	11	62	25	40	19	29	7	500	
2	25	0	20	10	23	4	11	19	12	18	14	6	9	2	13	7	15	22	17	1	21	3	5	8	16	24	18	25	29	1	4	18	15	23	16	13	29	18	33	27	39	29	14	18	17	26	34	33	23	34	500	
3	24	6	12	19	8	16	5	21	14	23	2	4	20	17	13	11	22	1	15	9	3	7	18	0	24	16	23	54	31	30	41	37	43	71	10	57	40	35	24	49	58	37	10	66	32	16	40	43	500	
4	25	10	23	20	17	12	16	6	11	5	2	3	14	1	21	9	7	22	18	0	13	4	19	8	15	24	22	19	4	6	11	16	20	3	11	23	17	9	7	31	9	28	10	7	21	21	18	7	7	22	500	
0	24	0	8	15	20	7	6	14	5	23	11	9	4	17	22	2	16	13	18	3	1	21	10	19	24	35	68	74	79	84	46	70	112	80	103	105	76	69	105	72	96	32	66	104	67	15	50	93	500	
1	25	4	15	2	11	9	1	21	19	13	5	14	23	20	6	7	12	17	18	22	3	8	10	16	0	24	12	4	5	7	10	7	13	10	8	2	8	14	4	7	6	4	5	6	10	1	6	7	1	11	500	
2	18	15	17	2	0	6	5	21	16	7	11	18	22	8	14	9	4	10	24	2	10	2	14	5	13	15	9	6	16	12	21	9	13	21	20	4	500	
3	18	10	12	8	7	9	17	22	1	21	0	6	5	15	19	23	4	13	24	11	14	17	31	45	19	45	19	19	18	1	34	19	39	47	40	5	500	
4	22	14	22	6	0	2	12	8	16	19	3	1	13	21	5	17	10	9	18	20	7	4	24	18	31	29	39	29	9	12	19	27	19	14	37	50	16	10	37	33	14	4	39	42	500	
0	23	10	9	21	13	3	19	14	15	17	1	18	0	22	5	12	7	16	23	20	8	4	2	24	56	2	71	64	47	11	29	58	29	31	25	59	10	35	38	72	47	35	23	30	38	55	500	
1	23	8	13	21	19	23	9	14	5	22	7	10	6	0	1	17	20	15	4	16	11	3	12	24	1	21	33	19	35	24	7	23	24	36	25	18	23	2	4	10	22	27	25	17	27	6	500	
2	24	5	9	7	8	15	6	14	12	20	17	1	3	4	0	10	2	13	11	23	22	16	19	18	24	41	22	56	30	55	42	23	36	32	29	28	47	10	32	50	54	46	24	7	14	47	14	22	500	
3	25	11	18	15	16	12	2	17	13	4	7	0	10	6	5	22	23	14	19	21	8	1	9	20	3	24	8	14	19	12	12	21	11	26	22	22	28	26	21	6	13	22	14	12	31	14	13	9	9	11	500	
4	12	18	19	6	22	3	15	21	5	7	2	14	24	5	3	15	4	13	13	17	9	16	14	6	500	
0	25	2	11	23	15	10	13	20	17	22	4	19	14	16	12	9	6	1	0	7	3	8	18	21	5	24	45	44	88	46	69	77	25	43	68	81	54	51	15	36	52	59	48	87	51	16	41	44	83	5	500	
1	25	4	12	15	3	8	1	11	21	6	14	0	10	9	18	19	22	5	13	17	7	2	23	20	16	24	35	30	35	51	32	26	40	1	20	31	10	24	50	30	47	45	46	13	35	43	31	40	35	50	500	
2	20	6	3	0	4	16	12	7	20	11	21	9	5	10	1	19	18	14	23	15	24	6	3	8	8	4	2	7	0	3	8	6	3	7	2	5	2	4	9	4	500	
3	25	9	4	3	10	20	23	13	1	2	6	16	21	14	7	22	12	19	11	5	18	17	15	8	0	24	1	24	27	39	16	22	38	21	36	34	31	46	19	42	7	22	7	6	20	16	16	39	23	36	500	
4	19	17	5	20	0	7	14	18	22	8	11	23	1	10	21	15	2	6	4	24	27	21	20	61	60	31	33	32	33	15	62	32	63	74	49	48	57	46	500	
0	25	12	19	20	3	7	22	8	2	0	15	18	13	23	6	10	5	9	16	11	1	17	21	4	14	24	25	40	31	55	59	44	23	46	9	41	23	20	35	20	34	52	45	51	38	22	25	21	28	17	500	
1	23	3	2	21	4	10	14	17	6	7	12	22	8	5	9	19	13	1	0	18	16	23	20	24	1	5	13	11	8	7	4	7	6	4	9	5	1	8	9	10	5	10	6	1	13	3	500	
2	7	0	8	17	14	13	4	24	56	35	34	47	50	70	500	
3	17	9	1	12	22	20	7	0	18	16	4	8	15	19	11	23	2	24	14	10	15	10	18	39	16	10	26	5	15	26	8	13	10	32	500	
4	16	4	1	22	23	15	12	13	10	5	11	20	7	21	3	17	24	10	5	6	13	10	5	12	13	4	3	2	12	14	6	4	500	
0	24	1	8	20	5	21	4	18	19	11	12	17	2	3	7	14	15	22	23	10	13	9	6	0	24	3	4	2	5	11	7	3	3	1	5	3	10	7	11	4	10	4	10	11	10	3	9	9	500	
1	7	17	5	16	21	4	14	24	18	26	24	47	55	34	500	
2	15	12	22	6	0	5	14	2	17	20	21	8	15	19	3	24	2	2	2	1	4	0	3	1	2	3	1	3	1	3	500	
3	20	15	20	19	1	14	11	7	9	6	3	18	16	2	12	13	0	23	5	17	24	58	55	49	39	34	54	70	61	34	74	36	72	59	41	25	5	42	74	47	500	
4	25	16	4	2	1	12	6	5	13	11	23	21	22	8	7	0	9	10	15	17	3	14	20	18	19	24	20	32	8	17	14	6	27	9	26	34	18	38	15	14	18	38	0	7	21	20	20	19	21	32	500	
0	24	16	3	4	19	14	11	18	0	7	17	2	1	8	6	23	5	9	21	20	12	10	13	22	24	33	31	98	78	63	76	60	73	5	50	8	55	56	41	123	55	88	77	54	41	32	46	99	500	
1	24	10	23	9	16	20	22	8	13	12	17	7	14	3	11	19	4	6	0	21	2	1	5	15	24	39	37	21	26	5	25	12	37	13	9	46	14	30	9	18	33	33	42	50	36	12	21	35	500	
2	25	13	3	11	8	7	10	9	19	17	18	14	16	23	22	12	1	2	21	4	6	15	20	5	0	24	85	62	25	48	99	104	25	38	46	54	60	59	80	38	53	56	79	102	70	75	83	40	38	101	500	
3	14	15	20	2	12	16	3	22	18	6	14	1	8	11	24	62	32	66	36	51	57	9	33	56	31	31	35	12	500	
4	17	0	21	13	1	17	3	5	2	6	23	7	10	16	15	11	9	24	48	63	65	48	53	87	92	92	71	7	115	78	81	91	51	54	500	
0	24	14	15	21	1	9	10	19	2	12	8	13	5	18	23	4	11	3	20	22	16	6	7	0	24	16	51	36	20	41	44	33	57	34	28	33	59	19	28	17	32	55	33	39	56	33	65	16	500	
1	25	18	9	14	22	12	4	3	8	13	1	17	7	16	11	20	6	0	23	10	15	21	5	19	2	24	40	49	35	41	52	13	79	51	57	41	53	91	81	50	52	58	31	18	68	83	49	82	38	78	500	
2	22	15	20	0	11	5	4	21	9	7	19	6	17	22	13	23	16	8	10	1	18	3	24	13	27	28	42	35	48	27	54	24	51	6	24	57	13	53	27	19	9	23	26	30	500	
3	25	21	9	2	12	20	22	3	23	0	6	15	16	8	5	1	19	4	14	7	10	13	18	17	11	24	5	4	7	5	5	3	7	1	3	5	8	7	4	8	4	3	1	3	8	6	5	3	4	4	500	
4	18	8	3	11	1	9	17	15	20	18	23	5	4	6	13	0	14	12	24	19	21	34	23	45	23	4	22	23	47	25	38	9	15	29	25	14	500	
0	25	23	21	6	9	14	17	11	8	12	10	1	13	15	5	16	0	7	19	3	18	4	2	20	22	24	39	48	61	74	48	60	67	59	70	81	56	53	88	90	105	27	112	65	109	53	29	88	69	68	500	
1	21	17	12	7	15	16	18	6	0	5	9	1	22	21	19	11	20	23	2	14	3	24	31	44	105	73	71	19	64	63	63	32	29	20	74	13	21	31	43	84	18	78	500	
2	23	14	12	7	0	19	9	4	6	17	3	5	1	2	23	20	22	13	11	10	15	16	21	24	17	27	48	9	26	36	12	22	26	40	42	22	34	17	29	28	24	30	29	36	46	17	500	
3	12	17	5	12	8	20	3	10	1	14	23	21	24	50	22	42	45	42	0	52	55	68	122	94	500	
4	25	21	19	8	12	4	13	2	0	14	9	1	10	15	6	22	11	5	16	20	7	18	3	17	23	24	69	66	43	32	76	50	13	68	57	70	45	32	17	35	63	51	32	15	36	11	53	14	37	86	500	
0	25	9	22	7	16	11	23	21	1	19	5	8	13	6	2	14	15	17	4	10	20	18	0	3	12	24	18	18	22	20	15	18	10	7	14	18	7	7	7	15	6	16	8	11	12	13	8	5	18	9	500	
1	13	1	13	0	23	2	8	15	10	21	11	3	5	24	24	15	4	26	36	23	37	26	9	33	47	50	500	
2	25	8	14	18	20	3	0	9	23	6	7	11	21	5	22	16	12	17	10	1	15	2	13	4	19	24	47	26	28	49	79	57	30	22	71	112	32	72	66	22	85	46	39	81	33	76	85	68	18	16	500	
3	11	3	1	6	15	7	10	0	9	13	17	24	100	53	68	91	99	77	51	59	74	60	500	
4	20	21	20	18	2	6	14	3	23	5	13	10	1	8	16	22	17	7	15	9	24	32	45	32	35	3	40	48	73	54	9	15	30	29	46	66	36	44	30	77	500	
0	21	10	17	11	15	1	5	12	4	20	2	18	3	22	16	8	9	6	23	13	14	24	2	0	0	1	1	0	1	2	0	1	1	1	1	1	1	1	2	2	2	1	500	
1	21	21	17	10	9	16	12	18	13	1	2	23	19	3	5	6	8	11	4	14	20	24	28	14	30	10	32	20	11	29	12	33	10	6	29	25	24	14	10	7	10	14	500	
2	25	17	18	2	6	0	5	15	23	9	22	19	4	13	1	14	11	20	12	7	10	21	3	16	8	24	13	14	17	11	2	21	16	15	18	20	15	12	7	13	13	19	17	15	20	12	4	21	23	13	500	
3	25	10	18	19	16	0	15	5	13	21	20	17	2	6	7	9	11	12	8	14	22	3	4	1	23	24	18	25	31	33	12	27	39	12	5	29	23	23	15	29	40	29	22	23	26	32	33	28	21	29	500	
4	24	16	17	8	14	11	13	21	1	9	15	22	0	6	19	20	7	2	3	12	5	10	18	4	24	20	1	2	7	14	24	32	2	22	19	21	26	19	18	6	28	22	21	5	19	26	4	27	500	
0	15	11	9	22	13	18	14	17	5	23	6	19	8	12	0	24	1	5	6	19	6	9	7	10	14	15	5	9	10	17	500	
1	25	7	20	17	4	10	5	22	15	16	21	6	2	23	19	0	11	18	13	1	14	12	8	3	9	24	8	2	2	1	6	5	1	6	6	5	4	6	2	0	4	2	2	5	2	1	3	3	6	2	500	
2	21	8	14	6	21	11	17	13	19	12	9	23	0	3	20	22	4	1	16	18	15	24	14	10	46	70	17	9	54	22	22	32	55	46	51	15	33	37	11	54	5	51	500	
3	17	1	20	3	16	7	18	15	8	5	4	10	17	11	0	21	12	24	25	17	42	36	62	23	52	25	26	39	52	19	6	55	71	28	500	
4	17	9	14	12	19	2	0	15	5	6	4	17	20	22	23	3	10	24	0	0	1	0	2	0	2	2	1	0	1	1	0	0	2	1	500	
0	10	14	3	2	11	1	16	19	12	20	24	0	21	21	9	4	22	8	9	10	500	
1	15	6	16	17	21	15	23	5	14	3	19	20	12	18	7	24	15	50	50	26	28	88	64	48	56	69	57	43	48	41	500	
2	8	14	15	18	11	22	4	20	24	14	32	13	28	47	44	16	500	
3	25	18	14	12	20	6	10	2	4	8	7	0	19	22	9	16	21	23	3	15	17	1	5	13	11	24	39	45	41	54	14	24	46	56	39	60	24	63	68	83	62	17	77	65	38	46	41	78	3	73	500	
4	17	6	11	3	10	22	19	5	1	8	17	18	0	4	9	12	21	24	11	22	16	14	31	27	19	12	9	12	15	28	29	34	5	28	500	
0	25	6	19	3	15	4	9	8	12	16	1	10	20	23	22	13	14	11	21	2	7	17	18	0	5	24	71	14	82	87	22	24	42	50	84	36	93	48	27	14	73	32	26	87	80	112	42	36	56	72	500	
1	25	6	11	2	15	12	13	8	14	1	4	5	10	3	7	19	18	23	0	20	22	21	16	9	17	24	5	19	11	12	11	1	10	12	11	16	19	6	17	16	19	12	21	5	15	21	3	19	20	12	500	
2	6	5	6	0	3	4	24	79	47	26	76	12	500	
3	14	11	20	0	10	3	23	13	17	15	8	2	19	4	24	2	2	4	5	5	5	4	1	5	1	5	2	3	500	
4	22	4	9	17	22	23	5	16	0	12	20	13	10	21	8	2	11	18	1	14	7	6	24	47	13	36	23	53	37	45	68	43	26	68	70	80	36	62	15	33	36	35	75	67	500	
0	17	5	6	1	11	2	8	19	9	14	18	23	10	17	20	12	13	24	5	12	6	2	13	7	4	2	6	6	11	13	5	5	6	13	500	
1	24	15	11	7	1	3	4	8	16	5	10	6	22	20	17	21	9	19	14	18	12	23	0	13	24	60	75	74	47	75	50	54	72	82	44	37	71	59	55	6	93	79	51	47	55	63	14	21	500	
2	25	16	5	11	12	9	8	3	20	1	17	19	10	23	18	4	6	0	14	2	7	22	15	21	13	24	7	6	7	2	9	2	7	4	3	3	7	4	10	3	8	2	5	4	5	6	9	3	6	3	500	
3	25	17	2	22	4	3	10	13	15	12	20	19	5	11	21	23	14	1	7	9	0	6	8	18	16	24	12	29	12	7	28	25	20	27	18	15	11	28	13	24	12	5	11	33	17	15	23	13	8	32	500	
4	25	7	23	10	20	2	16	9	3	15	11	18	0	6	19	8	12	22	21	14	4	13	5	17	1	24	86	20	71	55	73	76	58	85	77	46	36	32	59	43	49	60	45	45	34	17	52	72	50	45	500	
0	10	22	6	19	23	15	8	7	16	12	24	26	13	21	26	25	11	36	31	14	500	
1	20	10	5	12	4	14	15	2	23	19	8	7	20	13	3	22	16	18	0	11	24	52	23	15	52	25	38	41	58	32	14	53	1	50	30	40	29	17	54	22	500	
2	25	17	1	23	16	5	3	9	2	14	19	10	8	0	12	11	13	18	4	15	22	7	20	21	6	24	29	27	55	50	52	46	54	36	27	53	23	24	18	29	53	7	32	47	33	52	48	42	16	11	500	
3	24	20	15	14	0	1	12	10	19	22	16	2	23	6	3	17	4	13	5	7	18	21	8	9	24	6	4	5	4	6	4	2	10	11	8	4	10	1	7	5	9	0	8	7	6	3	5	12	500	
4	4	1	15	4	24	8	17	11	500	
0	5	6	21	22	12	24	19	7	71	36	500	
1	25	17	18	10	23	4	3	1	19	5	21	13	8	15	6	2	14	11	20	22	7	9	16	0	12	24	28	18	67	37	23	75	25	21	58	68	61	34	66	60	89	13	30	37	33	100	35	77	44	41	500	
2	21	8	4	21	22	15	5	3	20	14	17	19	1	7	16	23	11	12	6	2	10	24	58	66	15	95	71	112	94	89	58	67	90	62	86	110	75	82	73	48	74	56	500	
3	25	16	3	6	18	19	23	1	17	7	20	5	0	10	4	15	9	22	14	13	12	21	2	8	11	24	30	31	32	14	8	27	20	14	40	12	20	33	40	28	37	5	10	19	40	22	44	42	18	3	500	
4	22	18	3	16	12	23	5	7	6	2	10	14	8	20	17	19	11	1	22	9	4	13	24	6	24	23	7	27	26	27	11	22	17	7	5	13	7	21	18	4	26	27	19	13	500	
0	25	15	14	12	0	8	21	11	10	6	17	19	18	4	22	16	5	2	7	9	3	23	20	1	13	24	9	35	19	50	24	46	44	19	17	28	55	36	70	60	30	37	13	29	61	29	73	28	31	32	500	
1	16	12	18	1	4	0	16	13	3	2	19	8	5	21	17	9	24	21	35	31	70	51	12	44	12	18	54	28	25	57	33	63	500	
2	23	12	3	23	0	8	18	17	14	4	13	15	7	2	20	21	9	16	10	19	11	6	5	24	26	12	61	45	25	34	31	33	53	31	13	6	10	28	46	44	12	20	44	35	24	21	500	
3	23	8	3	16	18	0	20	2	9	22	17	21	15	11	6	23	10	19	4	13	12	5	7	24	15	57	63	16	33	32	58	58	47	20	51	54	46	28	59	45	38	37	35	22	66	73	500	
4	22	2	1	21	18	17	20	14	13	0	16	7	19	4	9	8	15	23	12	10	3	22	24	12	12	4	14	12	16	14	3	7	15	14	18	17	20	11	10	21	11	6	15	22	500	
0	17	6	0	10	18	21	12	1	23	4	16	2	17	5	11	3	15	24	11	8	14	3	15	9	5	9	5	17	17	6	15	7	17	14	500	
1	10	1	20	13	22	11	0	14	6	12	24	69	94	35	117	93	41	76	48	77	500	
2	23	11	13	22	19	0	7	9	8	23	18	21	1	15	4	5	10	14	20	12	16	17	2	24	30	34	30	24	28	64	32	19	30	15	44	17	52	16	46	46	8	29	29	61	19	60	500	
3	24	22	11	5	1	4	0	18	10	19	17	15	23	12	2	9	8	21	20	16	6	14	3	7	24	13	7	24	26	33	46	24	53	13	22	44	37	30	49	8	24	55	18	33	44	22	39	55	500	
4	25	22	21	3	6	1	15	0	11	14	13	16	10	17	9	8	4	23	7	19	5	2	18	12	20	24	27	115	70	79	53	88	92	17	45	105	62	95	40	10	51	67	70	97	23	43	95	48	54	39	500	
0	22	22	23	20	9	14	16	1	4	21	13	8	6	0	15	18	7	19	3	5	10	17	24	26	28	38	36	19	69	29	18	77	64	39	67	46	83	28	93	17	74	64	86	36	500	
1	25	7	9	17	8	21	14	23	3	5	22	12	19	20	18	16	13	2	0	10	15	6	4	11	1	24	17	77	45	41	49	56	82	36	44	79	34	75	43	52	38	29	9	58	12	12	22	68	58	49	500	
2	25	18	8	20	19	23	15	0	17	13	3	12	1	11	2	14	7	9	22	4	16	5	21	10	6	24	16	13	15	27	35	3	20	14	11	12	10	13	23	4	17	11	29	32	26	13	19	19	6	7	500	
3	20	5	1	12	23	11	22	18	9	21	0	6	14	19	15	2	16	3	8	4	24	8	11	14	26	6	13	12	11	30	26	24	14	10	23	21	16	17	11	24	500	
4	25	10	19	18	23	21	7	5	8	6	2	3	13	16	4	11	20	17	14	9	0	15	22	12	1	24	20	21	14	20	9	31	32	16	12	24	28	11	26	14	22	20	15	12	28	1	24	21	15	12	500	
0	25	23	8	12	18	5	7	1	3	6	13	15	16	9	4	17	21	11	14	10	19	22	2	20	0	24	17	27	31	23	54	57	26	52	33	28	46	49	40	14	28	24	36	20	43	32	34	54	41	16	500	
1	18	9	23	20	11	12	4	6	2	0	19	17	3	5	21	13	16	10	24	32	20	28	22	34	11	47	64	31	19	27	54	53	50	46	57	53	500	
2	15	2	12	6	19	9	13	1	22	17	20	3	18	11	23	24	4	2	4	1	0	4	1	1	1	1	2	1	0	3	500	
3	24	4	5	22	9	6	14	19	10	21	23	18	12	8	20	15	0	17	7	16	2	11	3	13	24	78	33	45	28	80	57	39	94	110	75	44	48	57	32	76	99	49	97	55	76	27	52	88	500	
4	25	14	10	20	19	5	6	23	17	15	12	8	11	0	3	13	18	22	16	2	9	21	7	4	1	24	7	11	11	12	16	7	12	11	13	11	9	13	0	19	5	9	14	16	14	16	5	16	9	9	500	
0	25	21	8	10	15	1	4	19	13	6	2	18	20	7	17	3	14	5	11	22	0	16	9	23	12	24	10	7	4	7	8	21	19	5	1	7	11	11	12	9	14	10	17	19	20	11	13	23	22	7	500	
1	8	14	16	0	6	23	7	13	24	25	73	53	67	16	82	60	500	
2	22	3	8	6	11	15	5	20	19	2	23	13	12	18	0	1	14	22	10	7	16	9	24	24	43	68	42	51	1	29	57	54	91	76	41	46	91	46	55	68	72	57	21	51	500	
3	23	12	0	15	22	1	4	14	16	20	10	18	5	17	6	11	2	23	3	7	21	19	8	24	26	72	54	39	31	65	37	36	12	62	31	17	25	63	20	50	78	35	70	92	38	26	500	
4	24	14	8	19	12	20	7	2	10	21	18	23	6	4	15	11	0	16	22	3	5	13	9	17	24	30	41	3	45	34	96	67	79	73	28	43	64	36	64	10	65	64	7	66	43	63	10	32	500	
0	25	5	1	0	4	7	19	20	13	2	3	22	18	6	12	16	11	15	23	21	10	14	17	9	8	24	43	19	18	6	47	23	29	31	43	47	21	20	33	25	46	28	41	11	29	40	17	23	25	24	500	
1	20	21	4	19	18	6	11	9	2	13	14	22	23	3	17	20	16	8	0	12	24	0	2	3	1	1	2	3	2	0	1	3	2	2	2	2	2	2	0	2	500	
2	24	5	12	19	7	10	13	15	16	20	18	6	9	23	1	17	4	21	8	2	11	22	0	3	24	9	2	13	8	7	8	4	6	6	7	5	15	18	6	6	16	14	5	5	10	16	11	7	500	
3	25	2	19	3	12	22	18	8	1	9	7	10	14	17	5	4	0	23	15	20	21	11	6	16	13	24	6	66	32	28	85	45	36	39	77	21	20	50	37	47	81	60	86	1	44	60	64	24	31	40	500	
4	25	7	19	14	13	22	23	4	5	3	8	21	9	0	17	15	20	1	10	11	2	16	18	6	12	24	4	5	4	5	5	7	7	0	1	3	7	4	7	3	2	2	3	4	3	3	1	4	4	2	500	
0	25	22	16	4	0	12	13	11	5	6	2	18	19	17	3	15	14	20	8	21	9	7	10	1	23	24	38	55	24	23	30	34	32	52	32	57	16	31	21	60	59	9	33	22	39	41	79	48	18	34	500	
1	8	19	11	8	20	18	17	23	24	4	3	0	1	1	1	5	500	
2	21	8	17	21	9	7	23	10	12	1	22	5	20	16	0	4	13	18	3	19	6	24	20	23	47	31	25	58	31	19	24	41	6	17	4	41	52	37	26	6	30	28	500	
3	24	19	17	22	9	10	4	7	23	21	6	13	0	5	16	2	15	11	20	12	3	8	1	14	24	1	1	2	2	2	0	2	1	1	1	1	0	2	2	3	2	2	2	1	3	1	1	1	500	
4	14	8	11	16	14	9	15	19	10	0	7	21	13	5	24	18	12	36	8	17	35	10	35	23	46	28	28	28	500	
0	20	16	13	17	14	19	0	10	1	11	8	12	23	3	5	15	18	4	21	6	24	29	46	8	18	26	42	47	12	15	12	14	52	30	23	37	12	37	52	35	500	
1	17	7	8	18	17	12	23	16	5	22	3	21	15	0	13	20	1	24	43	19	22	24	20	44	40	43	41	38	16	24	12	9	31	17	500	
2	24	21	16	6	0	22	23	18	7	12	11	13	19	2	15	10	14	17	3	1	5	20	4	8	24	2	6	0	4	8	8	4	4	3	6	1	7	3	3	1	4	4	5	4	6	4	7	4	500	
3	25	16	13	17	1	14	21	6	11	7	22	9	20	2	8	10	19	0	23	12	18	5	3	4	15	24	40	12	28	24	28	25	3	42	40	63	59	31	30	20	17	53	28	63	19	26	51	41	47	25	500	
4	24	4	20	14	1	3	22	9	16	13	23	6	21	11	18	8	17	12	5	7	19	15	2	10	24	8	32	21	23	42	19	25	44	31	5	30	31	26	23	27	26	31	42	50	18	38	40	40	500	
0	19	9	22	2	18	0	6	15	4	10	5	12	21	19	13	7	11	20	23	24	3	9	62	31	66	61	57	40	67	40	40	82	10	64	75	9	26	38	500	
1	24	2	8	15	7	14	9	0	4	22	21	17	16	18	1	23	13	3	20	6	10	12	19	5	24	18	50	15	16	67	76	80	92	87	82	54	18	52	56	116	53	17	43	43	37	40	83	38	500	
2	22	21	20	0	23	15	19	4	11	5	13	22	1	6	9	16	2	18	8	17	7	10	24	62	65	41	17	97	45	17	53	93	73	52	60	73	60	94	109	48	62	66	118	82	500	
3	15	8	15	20	7	4	9	13	17	0	11	16	1	5	6	24	8	17	15	22	12	19	9	10	5	17	20	9	22	9	500	
4	20	17	22	19	21	20	5	8	0	3	9	2	7	13	12	6	1	23	18	4	24	7	16	13	21	5	4	7	20	3	14	9	11	14	6	13	10	24	9	22	500	
0	25	13	22	10	8	14	15	2	7	18	17	0	16	3	5	19	23	21	11	4	6	12	20	9	1	24	37	43	45	22	13	54	60	77	19	25	20	59	57	53	30	36	41	34	20	36	31	36	41	19	500	
1	23	16	1	4	12	13	17	10	0	21	9	8	11	18	3	7	22	14	15	2	5	23	20	24	31	53	84	42	40	46	25	66	65	86	48	77	64	36	9	90	57	11	7	53	115	49	500	
2	16	5	8	1	2	15	22	6	18	9	10	19	16	4	3	23	24	9	5	5	13	13	1	12	4	2	14	0	11	6	11	7	500	
3	20	19	18	1	13	15	11	6	23	5	4	16	10	0	12	7	8	22	2	20	24	12	10	9	18	11	8	16	24	2	20	6	17	20	7	15	9	14	12	5	500	
4	25	16	1	4	19	7	10	5	21	15	22	14	8	23	6	20	3	11	13	17	0	9	2	12	18	24	21	12	20	23	15	6	21	8	10	25	14	11	22	2	17	17	21	1	14	8	25	11	10	12	500	
0	25	6	9	14	18	19	17	2	4	15	7	13	21	10	12	1	22	8	20	5	23	0	3	16	11	24	30	80	53	61	78	57	55	62	59	64	19	6	33	59	57	91	46	68	86	70	22	77	79	81	500	
1	23	10	8	20	9	3	15	1	7	11	0	6	19	5	16	13	2	17	4	23	12	21	14	24	14	13	18	24	24	16	11	25	21	3	9	18	24	24	6	18	13	14	17	13	7	10	500	
2	13	2	3	18	0	16	19	10	14	12	4	11	7	24	72	77	38	21	75	43	62	29	48	19	55	89	500	
3	25	8	1	12	23	19	2	18	10	21	3	5	15	13	9	16	14	0	20	6	17	4	22	11	7	24	77	69	76	16	52	108	57	96	86	127	101	102	76	64	123	54	57	76	97	73	17	59	70	135	500	
4	22	8	6	20	7	14	3	18	12	22	15	11	2	16	17	19	1	10	13	4	0	21	24	34	52	35	96	14	72	21	40	25	72	27	73	70	25	17	27	69	56	19	43	59	500	
0	4	11	12	21	24	9	12	15	500	
1	21	5	22	2	14	23	13	19	3	15	16	4	11	18	20	9	8	0	1	10	6	24	31	54	11	31	58	21	43	21	9	22	50	42	28	23	45	19	40	23	15	13	500	
2	19	16	6	14	0	3	1	19	12	11	2	10	5	9	13	17	22	21	18	24	27	8	15	7	34	18	28	17	28	22	15	33	37	4	19	32	6	19	500	
3	14	5	6	18	4	14	8	3	17	11	19	7	9	2	24	32	56	63	93	72	42	8	54	72	78	34	76	26	500	
4	11	22	17	2	0	12	5	10	13	23	21	24	35	33	73	76	46	30	80	81	67	104	500	
0	24	21	7	17	6	8	23	13	18	11	0	3	16	5	2	9	20	1	14	15	10	19	12	22	24	38	15	18	19	16	45	26	21	25	37	3	3	10	13	33	13	21	24	10	22	33	13	35	500	
1	23	3	20	22	9	4	16	7	14	17	2	23	10	13	6	19	11	8	18	12	15	1	5	24	28	3	38	35	52	22	49	26	14	38	59	46	43	37	29	18	17	18	14	33	20	18	500	
2	25	20	9	11	22	14	23	12	7	10	6	1	2	18	15	0	21	5	4	13	8	17	3	16	19	24	8	11	10	13	7	13	5	5	0	1	6	3	7	3	5	5	10	10	2	6	6	7	7	12	500	
3	18	17	13	14	10	18	6	0	11	3	4	2	23	5	22	16	1	19	24	20	40	19	36	17	36	36	8	31	23	40	24	22	8	29	20	9	500	
4	16	6	0	8	20	5	10	9	7	2	13	12	23	15	4	11	24	11	9	6	7	15	15	11	19	17	10	7	9	16	6	9	500	
0	25	19	23	6	20	9	11	12	1	21	18	14	15	16	2	22	17	13	8	4	3	10	0	5	7	24	21	43	37	13	19	14	24	23	65	24	24	38	24	43	27	17	52	22	44	27	43	53	13	45	500	
1	25	13	15	22	21	8	23	18	20	7	4	9	17	1	19	0	12	16	5	10	3	2	14	6	11	24	2	0	5	3	2	6	3	3	1	5	6	3	3	4	3	2	2	3	1	2	0	3	1	4	500	
2	15	13	3	21	5	19	15	23	0	17	2	16	22	10	9	24	7	7	11	8	15	1	20	12	8	2	6	16	4	16	500	
3	24	12	23	10	9	1	3	17	0	21	16	18	11	7	8	19	20	15	22	6	13	2	4	5	24	46	68	29	86	44	64	54	20	5	68	46	72	63	47	67	58	44	78	27	15	45	54	68	500	
4	25	10	19	9	1	11	3	0	12	14	22	6	21	17	18	16	8	2	23	20	13	4	5	7	15	24	4	14	18	10	17	14	6	10	12	18	4	3	11	10	15	10	8	16	12	2	13	15	11	8	500	
0	21	4	12	9	21	22	19	17	13	5	6	8	20	23	2	3	16	7	18	10	0	24	23	51	19	71	8	10	40	64	61	64	46	36	26	89	65	69	94	28	83	60	500	
1	25	7	14	0	8	15	17	9	16	20	10	12	2	21	22	3	18	11	13	23	6	5	1	4	19	24	27	22	9	21	23	21	36	32	26	13	20	24	2	35	34	22	28	8	30	12	37	21	27	32	500	
2	16	17	16	11	19	5	15	21	7	8	0	13	12	1	3	22	24	2	4	0	0	2	4	5	5	2	3	4	3	2	4	0	500	
3	25	15	11	22	13	5	2	18	14	10	16	17	6	23	3	19	0	21	1	8	4	12	7	9	20	24	12	5	8	12	11	11	0	2	12	12	1	10	13	11	6	9	15	1	2	9	4	17	9	4	500	
4	14	16	2	0	1	7	8	18	23	4	22	20	14	17	24	0	9	24	13	10	10	13	24	21	20	9	15	11	500	
0	22	7	1	20	0	9	15	18	2	4	22	13	14	5	21	11	8	12	10	19	3	23	24	2	20	16	29	32	5	23	5	32	34	17	23	15	24	25	17	14	11	26	8	37	500	
1	23	2	14	3	7	20	23	9	1	12	8	16	19	6	15	5	21	4	13	0	11	10	22	24	16	20	27	20	24	38	33	18	14	16	24	28	2	14	28	12	33	4	16	32	6	33	500	
2	19	0	13	5	9	3	22	18	7	23	16	17	11	6	19	14	15	1	8	24	6	2	12	14	11	13	9	7	16	10	8	13	2	11	9	6	7	6	500	
3	18	1	0	13	18	8	17	2	4	12	11	5	21	6	16	10	3	7	24	49	50	65	46	58	58	88	12	68	50	90	77	69	89	86	85	121	500	
4	18	20	2	22	3	15	17	14	7	5	8	19	1	11	4	21	0	9	24	21	19	52	7	18	28	35	22	16	26	45	30	33	61	62	59	48	500	
0	24	0	15	18	10	21	4	7	6	11	3	13	23	9	16	14	19	20	2	1	22	8	12	17	24	21	39	19	32	26	4	44	27	18	35	25	2	17	36	14	16	22	41	19	16	21	22	19	500	
1	25	17	10	5	8	0	1	20	11	12	3	15	19	6	23	13	18	22	16	7	4	14	21	9	2	24	70	48	122	74	27	76	88	102	71	97	70	96	51	82	29	66	100	109	89	70	69	8	125	85	500	
2	22	21	19	15	2	20	11	18	4	6	23	10	8	13	16	17	0	14	5	9	1	22	24	68	12	63	72	38	24	29	15	61	17	61	36	54	67	31	50	24	55	20	33	11	500	
3	19	16	10	17	15	12	4	9	21	7	14	13	6	23	18	20	3	19	11	24	46	49	16	47	27	19	35	38	55	5	33	30	30	10	25	46	20	25	500	
4	25	0	14	1	7	8	10	13	21	16	20	9	11	19	23	6	12	18	2	22	15	3	17	5	4	24	14	25	29	33	23	16	8	5	39	29	39	37	38	34	14	23	28	25	40	26	37	30	40	29	500	
0	25	11	0	3	18	14	1	23	13	8	17	21	7	12	22	20	4	5	16	10	9	2	19	6	15	24	53	11	81	32	25	27	47	29	32	37	35	74	41	54	45	34	83	74	49	74	72	52	32	59	500	
1	19	12	4	10	0	21	14	7	6	16	18	2	22	1	15	5	3	20	11	24	73	26	92	34	55	49	108	74	96	51	105	61	50	101	114	121	82	70	500	
2	21	17	5	21	8	4	12	22	15	11	6	20	13	2	23	9	18	1	3	19	10	24	14	11	19	12	23	10	22	5	19	11	12	14	4	24	20	14	14	5	22	10	500	
3	3	12	0	24	58	90	500	
4	15	1	2	6	20	22	8	23	0	10	15	11	9	5	14	24	32	49	22	49	67	37	50	12	29	46	61	69	64	36	500	
0	24	12	14	0	9	8	16	2	20	15	21	6	10	4	11	3	19	7	22	23	13	17	18	1	24	7	9	9	22	8	17	12	11	12	10	3	8	19	17	19	18	17	22	23	4	10	9	7	500	
1	25	7	12	14	18	15	8	0	4	1	19	23	2	13	6	22	10	21	9	11	17	20	3	16	5	24	4	9	15	15	1	9	20	22	11	21	27	2	12	9	25	7	17	22	15	11	11	6	6	10	500	
2	8	17	15	18	2	8	20	19	24	33	11	33	10	30	28	49	500	
3	25	16	3	15	17	2	10	13	22	11	20	21	14	7	19	12	9	0	23	4	1	18	6	8	5	24	52	54	44	37	45	28	17	57	53	49	5	35	53	52	39	59	10	48	35	36	34	25	37	54	500	
4	25	14	2	10	1	9	4	19	0	17	6	8	13	21	5	23	18	15	22	20	12	16	7	3	11	24	1	42	45	7	30	23	19	30	11	32	13	35	41	37	37	5	43	26	18	18	44	52	45	20	500	
0	24	0	3	17	9	4	22	19	18	23	7	15	6	11	16	10	14	2	8	13	12	1	5	20	24	36	69	36	34	6	29	25	31	5	84	63	51	33	63	61	28	66	39	49	41	34	57	48	500	
1	19	20	14	12	10	21	8	2	17	15	23	13	9	3	16	5	7	18	22	24	42	25	37	35	13	30	48	34	46	36	22	50	49	46	48	51	33	48	500	
2	25	18	11	21	0	1	5	12	19	23	17	22	15	8	3	20	16	13	2	10	7	14	9	6	4	24	13	22	19	10	13	37	21	21	23	16	28	36	16	35	25	34	17	35	31	47	10	27	18	13	500	
3	25	16	6	20	13	4	19	2	12	0	22	14	23	5	1	18	11	10	15	8	7	9	17	21	3	24	31	35	48	49	88	76	7	38	72	80	64	105	41	49	57	70	28	11	49	5	77	45	60	27	500	
4	21	15	14	20	0	18	17	6	22	9	10	5	11	13	4	16	19	3	8	23	21	24	11	17	21	13	19	16	4	32	33	5	24	26	3	27	20	26	23	15	32	9	500	
0	23	20	5	6	1	21	17	13	7	8	19	4	18	15	16	14	12	9	23	3	22	0	2	24	13	39	48	16	71	14	66	78	20	20	49	13	57	45	20	25	30	55	55	33	62	55	500	
1	22	10	3	8	19	16	11	5	23	0	21	20	9	13	12	15	6	4	22	2	7	17	24	5	23	16	26	21	24	27	29	11	9	22	29	2	16	12	5	23	33	15	20	17	500	
2	10	20	11	15	16	5	17	7	19	23	24	18	31	7	16	21	17	19	37	55	500	
3	22	2	7	18	15	5	8	14	6	4	21	23	9	17	20	12	10	13	1	19	0	16	24	55	67	53	46	73	50	56	34	70	12	82	90	53	70	52	33	22	56	75	32	73	500	
4	16	2	4	11	17	13	21	22	20	18	15	14	16	0	10	5	24	28	57	54	37	12	32	66	43	36	30	41	49	36	14	53	500	
0	25	13	7	14	3	18	2	17	15	11	12	21	23	10	1	5	4	6	22	8	19	20	9	0	16	24	2	14	13	18	12	9	10	8	20	9	7	23	4	10	20	20	1	22	10	19	12	22	10	15	500	
1	8	23	9	10	0	7	13	3	24	12	32	64	42	82	55	65	500	
2	25	3	8	18	10	17	2	16	9	5	1	23	14	13	6	7	0	19	4	22	21	20	12	11	15	24	10	16	18	25	15	19	8	22	2	18	45	23	33	22	24	39	24	35	26	41	9	14	15	19	500	
3	25	4	12	10	21	9	11	19	5	15	23	3	6	1	17	20	14	8	22	16	13	18	2	7	0	24	45	17	47	54	24	14	25	18	35	49	28	37	19	13	4	24	18	28	26	43	19	41	44	44	500	
4	25	19	8	13	21	14	12	18	16	15	5	23	3	22	2	9	7	11	20	17	1	4	10	6	0	24	24	13	13	17	11	15	12	36	26	35	29	35	31	29	31	39	27	22	13	11	22	20	14	10	500	
0	24	0	10	7	14	11	2	9	23	8	22	16	6	4	3	21	17	20	18	5	13	12	15	19	24	1	2	4	3	4	2	5	4	3	5	4	2	3	4	0	3	4	3	4	1	3	3	5	500	
1	21	3	20	7	9	23	15	2	11	17	5	0	1	18	13	4	6	8	14	22	10	24	6	14	3	24	34	4	5	24	16	14	22	18	19	17	30	13	15	19	27	11	500	
2	23	14	23	21	15	7	18	12	9	11	1	16	4	19	5	22	3	8	13	6	17	20	0	24	47	84	15	38	54	51	41	82	73	44	62	71	74	78	83	58	44	11	21	48	54	32	500	
3	25	19	3	13	21	17	5	15	1	6	11	22	23	8	2	4	14	16	18	9	20	0	12	7	10	24	19	5	15	16	13	10	4	14	10	18	21	25	12	4	23	15	5	15	18	11	18	9	2	9	500	
4	24	21	17	2	5	9	6	20	23	12	18	15	22	16	1	3	4	19	14	0	7	8	11	13	24	12	8	15	14	11	11	10	7	9	5	15	7	18	6	17	3	7	4	7	18	8	8	9	500	
0	4	7	17	12	24	7	7	7	500	
1	19	0	18	11	12	16	22	1	15	7	13	8	2	20	17	21	23	14	3	24	8	8	10	12	18	7	10	17	18	12	9	15	11	11	11	2	8	18	500	
2	25	7	18	2	15	4	3	14	10	23	16	13	21	1	11	9	17	8	6	22	0	12	5	20	19	24	62	12	56	51	16	50	7	48	31	51	37	42	16	26	29	19	23	36	24	28	27	49	29	18	500	
3	21	13	2	1	18	0	7	6	5	14	17	19	4	22	11	8	23	21	9	15	20	24	10	17	5	7	9	20	6	20	8	6	16	16	18	14	5	19	15	19	12	10	500	
4	17	19	18	21	12	5	4	3	0	10	20	2	7	13	15	8	1	24	28	14	38	6	14	39	14	36	22	8	16	22	25	15	11	14	500	
0	22	16	5	3	19	2	22	12	13	15	1	7	9	17	10	4	20	6	0	14	11	8	24	39	57	41	95	7	116	43	51	13	61	10	98	56	31	114	66	46	84	80	90	51	500	
1	22	13	23	6	4	20	22	5	7	14	10	17	18	8	12	0	11	2	16	9	19	3	24	37	36	25	28	3	21	16	42	14	32	7	10	10	12	34	10	28	25	21	19	23	500	
2	24	13	10	0	5	22	23	9	17	1	18	2	7	20	8	3	4	16	11	12	14	15	6	19	24	71	96	48	92	44	21	65	54	54	49	97	122	72	57	100	8	115	60	63	41	98	77	47	500	
3	12	17	8	11	4	14	0	2	9	20	1	21	24	15	14	21	32	21	23	6	25	11	17	25	500	
4	17	0	11	22	14	7	6	20	19	8	23	1	5	13	21	4	12	24	28	60	68	41	39	10	43	59	34	73	32	55	4	18	60	30	500	
0	25	6	23	17	11	7	8	0	9	20	14	19	4	22	21	15	5	18	12	1	2	13	10	16	3	24	3	5	2	1	4	2	5	2	1	2	2	4	3	5	3	1	2	2	2	3	4	4	2	2	500	
1	23	22	8	14	15	23	10	6	13	3	21	2	1	18	17	16	0	19	20	12	9	11	4	24	15	24	19	58	41	58	48	56	45	62	58	20	15	17	43	55	9	17	30	16	3	30	500	
2	24	14	21	9	15	20	17	16	1	7	2	4	13	12	19	3	22	0	6	10	8	5	11	18	24	3	1	7	6	5	4	8	4	7	6	4	2	4	6	6	7	1	3	4	4	6	5	4	500	
3	19	3	17	7	0	16	6	15	4	2	11	1	19	13	9	21	5	22	14	24	15	8	19	9	18	13	14	0	16	7	8	6	13	8	13	14	6	5	500	
4	23	20	0	1	13	23	5	11	10	17	22	4	15	8	16	2	21	12	9	3	18	7	19	24	4	17	8	19	13	8	1	18	6	7	14	17	8	12	18	19	9	4	13	7	19	5	500	
0	25	4	0	13	14	16	1	12	15	10	11	19	7	21	9	3	23	18	6	5	17	2	22	8	20	24	51	52	50	32	26	22	15	33	46	23	33	50	63	34	24	69	24	38	16	18	38	38	17	6	500	
1	25	18	11	15	10	13	21	12	20	16	5	14	19	8	2	4	3	6	9	0	1	22	7	17	23	24	10	34	33	36	28	44	15	23	40	45	10	35	8	42	35	49	26	45	30	7	41	59	13	44	500	
2	25	1	7	16	6	10	12	0	9	23	21	20	15	5	4	17	3	18	8	11	19	14	22	13	2	24	36	96	68	64	78	49	63	6	39	74	36	75	47	36	35	68	34	42	14	8	32	5	74	84	500	
3	25	11	22	14	5	9	23	1	3	7	18	10	13	20	6	12	4	16	8	19	15	2	0	21	17	24	12	5	27	49	10	38	33	61	81	25	78	65	35	56	46	27	66	35	3	67	78	54	67	28	500	
4	25	1	5	18	6	8	14	7	3	16	4	13	10	11	22	0	15	21	9	12	17	2	19	20	23	24	25	27	24	49	23	37	63	41	39	64	69	69	25	52	75	53	86	47	22	19	54	45	4	80	500	
0	22	10	18	16	13	21	8	12	23	15	17	20	5	7	0	9	11	4	3	2	6	1	24	24	29	2	34	50	21	18	60	15	21	17	12	16	41	38	31	44	3	17	26	24	500	
1	23	0	12	7	22	6	2	8	13	10	5	11	1	15	19	23	4	17	9	16	3	21	18	24	67	29	21	55	35	24	30	49	36	17	39	39	21	53	81	73	35	50	3	1	70	41	500	
2	14	13	8	9	12	11	15	19	20	2	17	16	21	14	24	24	28	55	23	51	6	49	32	5	30	29	41	41	500	
3	22	17	22	0	8	4	1	12	23	2	16	7	5	6	13	15	11	9	18	3	21	10	24	67	43	67	71	16	62	83	5	112	100	125	95	87	79	102	55	61	64	109	86	93	500	
4	16	21	0	10	7	8	2	11	20	3	15	17	19	1	4	18	24	25	29	9	40	37	30	65	51	51	28	45	69	42	57	49	500	
0	24	9	11	10	19	16	12	17	1	2	7	18	21	13	22	8	14	5	23	4	15	6	3	20	24	16	12	2	13	10	7	7	7	6	9	9	3	1	12	7	8	11	12	11	6	2	9	9	500	
1	25	21	12	19	7	9	22	3	4	8	0	18	11	6	10	16	2	1	23	20	5	13	17	15	14	24	4	8	15	17	17	17	16	13	9	3	9	13	5	7	16	11	8	15	11	17	4	8	12	9	500	
2	25	20	22	8	18	16	6	13	19	12	2	4	1	14	15	5	9	7	11	0	23	10	3	17	21	24	12	13	18	18	28	40	44	13	22	43	29	17	20	35	19	9	43	5	44	35	47	27	15	46	500	
3	15	18	8	15	22	1	12	6	7	3	5	23	17	16	10	24	14	12	20	25	12	9	21	29	12	8	42	9	12	30	500	
4	25	0	7	9	22	4	19	21	20	6	13	5	3	12	1	16	23	11	2	14	15	10	17	8	18	24	15	10	11	13	16	12	17	3	10	15	2	4	6	7	3	19	7	8	11	7	11	6	6	9	500	
0	25	22	23	11	14	2	16	15	13	0	6	9	1	8	20	3	10	21	19	7	12	17	4	5	18	24	11	7	16	16	40	44	38	35	24	33	19	20	22	26	42	39	35	11	50	26	19	5	37	18	500	
1	25	19	15	18	3	13	23	10	2	12	21	8	0	11	4	6	9	1	20	16	5	7	14	17	22	24	18	21	15	16	28	39	28	24	11	42	14	33	11	30	24	19	15	5	14	7	26	18	10	22	500	
2	25	16	9	14	20	12	19	18	22	17	21	10	13	0	1	3	23	5	7	2	8	15	11	4	6	24	54	20	45	30	49	24	36	30	32	112	83	90	79	38	53	72	39	98	88	46	78	13	58	67	500	
3	25	2	12	23	11	17	6	0	14	1	5	4	3	7	22	15	8	21	16	9	20	18	13	19	10	24	3	18	55	34	26	18	40	32	26	24	52	15	8	48	3	22	41	15	50	25	32	28	42	15	500	
4	24	17	0	13	15	6	16	18	5	9	23	19	4	12	7	21	11	2	10	14	8	22	3	1	24	6	8	11	14	9	19	5	18	14	13	11	8	8	21	13	10	16	14	3	6	12	16	4	500	
0	25	23	1	18	14	19	22	8	13	2	21	10	20	11	16	17	12	4	3	6	15	0	9	7	5	24	2	50	45	39	39	38	62	78	94	78	84	56	45	96	57	67	12	91	71	87	54	52	99	89	500	
1	24	8	12	16	4	0	1	22	19	14	3	20	6	17	5	15	11	9	13	2	21	23	10	7	24	8	5	8	26	24	12	24	24	16	8	10	10	11	12	6	18	24	16	7	24	31	13	12	500	
2	25	11	8	16	13	2	21	6	19	0	3	15	23	1	9	7	17	22	14	5	10	4	20	18	12	24	49	17	43	26	29	44	15	60	45	40	26	81	23	70	48	24	70	33	47	29	58	32	26	11	500	
3	24	13	0	3	10	2	12	1	15	7	20	21	18	9	14	11	19	5	16	17	22	6	23	8	24	3	4	2	1	0	3	3	0	1	3	4	4	6	4	5	6	4	2	3	7	2	8	3	500	
4	20	22	6	13	8	19	18	0	1	12	11	15	5	3	23	10	2	21	17	16	24	5	13	12	5	2	3	12	4	7	3	14	11	15	10	16	14	14	5	13	500	
0	25	23	20	15	14	4	6	3	16	17	7	13	9	11	10	0	21	8	5	22	1	12	18	2	19	24	117	37	36	54	95	52	4	3	42	41	73	71	60	63	96	85	44	17	77	45	32	49	38	67	500	
1	25	18	0	22	5	16	17	14	19	7	10	20	6	11	2	8	1	23	9	3	12	13	4	21	15	24	60	34	101	98	84	62	57	83	70	45	78	42	83	58	63	68	80	103	81	64	30	74	13	55	500	
2	25	20	8	14	7	22	17	12	15	4	19	2	11	6	23	21	5	3	18	1	0	16	13	10	9	24	14	9	21	41	45	14	2	21	46	42	26	36	19	56	43	29	29	17	15	42	25	29	26	41	500	
3	25	0	1	13	12	4	19	17	2	16	20	10	3	7	22	18	8	5	15	6	14	21	11	23	9	24	0	44	30	52	45	62	55	77	89	57	55	81	87	72	49	43	90	72	35	36	22	73	62	87	500	
4	19	0	3	22	1	5	13	15	18	12	8	6	11	21	16	14	23	10	20	24	23	53	27	19	46	33	48	20	28	26	31	32	36	59	14	19	49	29	500	
0	24	11	5	3	12	8	20	15	4	1	9	21	10	13	19	14	2	16	23	6	18	7	22	0	24	44	19	15	26	35	23	34	78	40	61	91	54	56	66	48	39	15	92	46	41	48	64	77	500	
1	21	21	16	7	22	19	12	11	9	17	10	6	0	14	13	20	3	23	1	15	4	24	20	67	52	75	80	38	66	79	54	16	16	33	51	6	52	71	74	45	38	65	500	
2	24	15	11	5	19	6	1	3	14	7	16	22	23	13	18	12	10	17	21	2	9	4	8	0	24	40	18	39	14	29	13	40	6	45	44	17	17	33	11	25	43	17	31	42	22	9	20	23	500	
3	17	17	19	23	6	7	22	21	15	8	16	4	2	13	5	10	1	24	8	4	12	17	28	6	21	20	10	24	8	26	19	18	24	7	500	
4	13	3	2	13	16	11	5	17	21	0	6	4	23	24	13	1	19	12	32	19	20	31	30	15	37	46	500	
0	25	7	21	11	12	16	1	0	20	15	22	2	9	14	18	13	6	8	19	5	23	4	3	17	10	24	19	54	74	33	35	48	57	48	6	88	5	87	56	51	40	23	43	74	47	97	86	38	47	17	500	
1	19	6	3	9	0	22	4	5	1	19	2	15	18	21	23	11	17	7	12	24	7	7	21	16	21	20	12	10	20	1	0	13	18	29	16	10	6	7	500	
2	13	13	17	23	16	8	2	0	7	5	6	14	10	24	8	45	65	66	37	45	15	49	65	19	40	25	500	
3	22	16	11	20	23	1	21	13	17	0	22	7	9	6	3	14	18	8	12	5	19	15	24	12	8	7	8	5	8	6	6	4	9	15	12	8	15	3	4	5	6	13	8	12	500	
4	21	0	12	6	10	1	22	13	20	19	4	11	15	7	17	9	5	2	8	14	3	24	4	45	37	48	38	79	31	58	71	43	63	61	97	45	72	96	68	41	36	77	500	
0	23	15	23	2	14	6	19	9	12	16	5	7	18	10	11	13	21	1	22	4	17	0	8	24	3	0	4	1	3	1	2	2	3	3	4	1	4	1	2	3	1	1	0	1	2	2	500	
1	24	15	17	13	9	10	12	0	14	21	6	1	23	4	16	20	22	18	2	3	19	8	11	7	24	3	0	3	2	3	1	2	0	3	2	0	2	2	3	1	2	0	4	4	1	1	1	5	500	
2	10	23	17	14	1	22	8	15	20	16	24	29	8	6	4	22	6	24	12	27	500	
3	25	15	12	2	22	5	3	18	14	10	20	21	6	7	8	23	1	4	9	11	17	0	13	19	16	24	18	36	19	69	27	8	45	55	43	33	71	43	18	44	95	48	78	68	61	43	64	55	64	10	500	
4	23	11	21	18	15	7	5	1	12	13	16	19	2	14	8	22	20	9	10	17	6	3	23	24	1	1	0	1	2	1	0	1	1	2	1	2	0	0	1	1	1	1	0	1	2	1	500	
0	10	2	1	3	23	9	6	16	21	11	24	37	18	28	32	9	39	28	57	5	500	
1	25	14	6	19	21	22	12	3	5	10	9	7	11	2	0	23	17	1	18	8	16	13	4	15	20	24	25	43	27	42	24	41	50	53	46	33	63	35	53	27	7	37	35	33	35	51	42	11	54	37	500	
2	19	9	0	13	11	23	4	19	5	7	20	21	12	17	3	18	10	8	1	24	10	11	15	9	7	2	7	17	25	14	16	12	9	22	7	20	9	7	500	
3	21	5	13	6	2	3	22	19	20	21	11	16	14	18	0	12	10	9	15	4	17	24	28	39	23	15	21	64	58	30	57	45	20	41	34	49	19	26	62	9	72	27	500	
4	25	5	14	9	18	23	6	8	3	4	0	7	1	12	20	22	10	16	13	21	15	19	2	11	17	24	66	32	11	32	40	68	45	77	39	64	110	38	55	43	3	87	73	81	98	76	6	97	18	39	500	
0	25	12	10	5	0	11	1	20	7	15	19	22	3	4	14	8	23	13	21	17	9	18	16	2	6	24	20	12	32	11	28	22	27	29	19	30	37	31	27	23	20	34	5	4	25	37	20	31	20	11	500	
1	22	23	18	21	6	22	7	14	3	8	10	5	9	0	19	11	15	17	13	16	2	20	24	41	49	41	55	59	103	41	94	55	72	86	72	21	60	68	78	56	49	103	79	65	500	
2	24	23	11	13	20	1	3	15	7	6	9	12	10	18	19	2	17	8	4	16	22	5	21	0	24	25	41	52	51	31	78	73	103	59	41	50	81	29	32	75	38	41	11	75	33	81	63	35	500	
3	20	23	13	20	9	21	11	15	4	7	1	0	3	8	6	2	18	14	5	17	24	60	80	29	21	88	21	69	55	79	42	73	48	42	69	74	37	48	30	39	500	
4	25	12	19	2	7	3	16	0	18	10	4	21	13	8	23	22	15	9	1	20	14	6	11	17	5	24	21	53	4	16	23	24	38	36	11	58	39	22	25	59	55	2	49	26	30	39	15	39	27	29	500	
0	8	20	21	1	3	15	10	8	24	29	40	30	25	3	17	26	500	
1	18	1	12	2	10	4	11	19	18	20	9	15	22	8	17	14	16	21	24	22	32	50	53	7	17	11	16	29	20	43	13	25	25	13	44	39	500	
2	24	12	15	22	13	5	3	23	17	10	0	14	2	7	19	8	1	4	16	20	11	6	18	9	24	48	72	37	49	76	83	17	45	69	29	26	76	79	38	43	33	8	70	45	42	48	32	51	500	
3	8	20	6	9	21	10	17	13	24	6	4	8	5	7	4	5	500	
4	21	22	9	18	0	11	15	12	8	3	1	14	2	10	16	6	23	7	20	13	4	24	28	31	17	19	25	4	11	15	16	16	19	5	2	15	7	37	8	17	10	31	500	
0	15	19	17	2	3	10	11	14	6	12	23	4	5	8	1	24	52	32	14	36	2	51	36	14	29	62	52	47	30	29	500	
1	25	12	23	7	0	21	15	19	20	3	6	9	14	13	5	16	1	22	2	17	10	18	4	11	8	24	13	37	21	34	33	15	25	9	7	24	20	20	27	1	7	15	24	17	15	22	19	35	18	15	500	
2	15	19	20	21	15	13	11	2	17	1	4	14	12	9	0	24	23	30	24	35	24	28	37	23	22	13	17	26	30	10	500	
3	25	0	17	9	1	12	22	5	6	10	7	20	4	11	18	3	19	16	15	8	2	13	23	21	14	24	28	46	65	47	62	50	75	55	63	98	55	22	60	43	82	50	87	72	52	83	47	29	40	36	500	
4	21	14	7	11	5	6	20	4	3	21	16	22	13	9	18	12	1	23	10	15	2	24	7	4	9	8	2	6	10	7	3	6	11	2	12	6	5	6	12	0	3	3	500	
0	25	17	23	9	14	8	5	22	21	1	2	12	19	0	3	16	18	11	13	15	7	20	4	10	6	24	32	79	38	51	39	25	48	110	44	68	40	38	79	46	41	38	27	75	64	86	23	74	75	71	500	
1	24	1	20	23	18	14	19	0	7	2	11	15	10	6	17	8	16	12	21	5	13	9	22	3	24	53	67	6	56	46	43	51	131	118	52	98	104	72	58	67	93	73	73	98	82	59	47	114	500	
2	25	22	2	15	7	11	6	8	17	14	5	18	12	21	3	23	13	10	16	1	4	20	19	0	9	24	16	37	33	40	6	34	16	13	17	16	15	18	48	24	37	41	41	26	15	28	8	13	42	14	500	
3	14	7	4	6	10	13	19	14	17	23	22	15	5	18	24	41	31	36	48	44	16	23	20	34	18	36	14	21	500	
4	16	4	16	2	9	14	7	10	23	22	19	12	5	0	18	11	24	99	103	83	125	83	88	46	111	111	111	85	115	40	76	105	500	
0	17	8	14	21	23	11	0	6	22	19	5	7	18	3	1	20	15	24	4	17	37	41	24	32	16	38	29	24	30	12	26	8	11	20	500	
1	20	9	3	20	13	17	23	8	18	7	14	10	1	12	21	5	4	0	19	15	24	18	18	11	7	8	13	6	7	22	5	11	6	8	9	18	9	4	13	15	500	
2	24	1	10	11	16	3	14	7	20	22	9	6	5	17	19	15	0	23	13	12	8	21	2	4	24	81	50	96	98	113	81	90	93	119	118	47	110	77	105	74	39	108	31	77	75	16	78	96	500	
3	21	1	10	4	3	12	0	6	8	11	9	19	16	2	14	15	17	20	23	13	5	24	33	16	72	34	27	54	18	30	63	67	74	32	12	50	7	33	39	85	32	43	500	
4	15	19	4	11	10	0	14	12	1	22	18	13	16	20	21	24	11	28	27	106	74	34	54	44	8	41	78	75	51	88	500	
0	21	23	18	5	21	19	13	1	14	8	17	7	12	3	15	4	20	16	10	11	6	24	8	28	48	40	25	42	31	23	33	31	64	40	52	46	10	39	54	44	29	43	500	
1	25	11	3	22	2	10	7	23	4	15	21	5	12	9	16	1	18	8	19	20	13	0	14	17	6	24	5	7	6	6	5	8	7	5	6	5	6	2	7	7	1	2	1	5	3	3	3	1	2	3	500	
2	16	11	6	15	14	4	10	5	17	18	16	0	20	8	3	22	24	6	4	1	5	9	4	4	4	5	2	7	3	3	2	9	500	
3	23	11	2	1	3	17	12	23	22	13	10	0	16	9	4	21	8	19	20	5	6	15	18	24	18	45	4	39	7	17	37	33	38	41	37	38	31	29	50	9	23	15	36	29	37	0	500	
4	12	17	13	4	11	0	8	18	5	14	1	23	24	28	5	30	40	10	22	26	47	26	22	39	500	
0	25	0	14	20	6	11	13	16	10	21	23	17	15	8	9	2	3	19	5	4	1	18	12	22	7	24	22	30	54	43	47	43	73	56	35	25	48	65	40	59	65	76	40	69	20	42	36	48	42	90	500	
1	23	15	10	21	17	16	1	3	23	13	6	8	19	4	12	18	0	22	7	14	11	20	2	24	14	15	12	7	14	6	15	4	11	11	7	4	1	10	5	8	4	19	4	6	8	14	500	
2	24	18	5	2	4	20	23	3	16	11	8	12	13	22	21	15	0	6	9	10	19	14	7	17	24	43	29	62	64	31	69	43	49	26	46	49	75	35	83	62	78	62	23	71	35	44	76	39	500	
3	24	23	0	10	5	17	16	21	1	15	4	18	7	20	8	22	3	9	12	11	19	14	2	6	24	15	6	3	10	6	8	7	5	4	12	7	7	6	4	13	7	13	4	10	12	7	5	1	500	
4	25	22	17	18	0	12	7	23	9	4	21	13	3	16	1	11	10	8	19	2	20	14	5	6	15	24	92	42	59	66	33	16	96	90	92	70	42	21	23	47	73	27	40	80	6	44	65	42	31	7	500	
0	24	6	15	17	12	14	23	5	8	19	21	1	3	9	0	4	10	11	22	7	18	20	2	16	24	16	27	36	35	40	56	47	31	51	11	33	44	59	22	50	15	51	58	41	39	40	27	44	500	
1	23	8	2	14	23	17	15	20	9	4	16	19	10	5	11	0	7	21	6	1	13	18	22	24	38	20	48	90	41	16	31	61	85	8	65	36	25	46	64	22	67	41	39	47	45	71	500	
2	24	1	17	3	18	0	2	20	12	21	13	16	11	9	23	22	5	8	19	6	7	4	15	14	24	49	53	48	51	43	24	58	38	32	17	49	69	91	94	82	64	39	85	15	40	72	28	51	500	
3	25	21	1	4	3	11	5	10	19	7	14	20	17	0	16	22	8	12	23	6	13	9	18	15	2	24	43	18	30	25	6	15	39	13	39	20	12	15	37	26	12	19	18	34	34	38	7	18	32	32	500	
4	24	21	16	10	11	8	1	22	15	4	3	13	14	23	20	5	2	18	12	17	19	9	0	6	24	45	17	20	46	23	29	51	3	53	15	28	38	73	28	28	6	33	21	30	49	49	48	23	500	
0	20	10	14	2	3	21	5	19	4	12	7	0	23	13	9	15	8	18	1	17	24	39	61	60	94	12	112	107	86	58	75	36	96	17	124	59	62	72	64	64	500	
1	23	18	12	14	5	19	23	11	9	10	1	20	2	17	0	7	21	15	4	16	6	22	3	24	18	31	21	43	17	55	8	24	81	26	24	69	23	64	88	84	75	42	66	66	25	68	500	
2	22	16	0	17	18	23	22	20	13	10	11	2	4	7	19	12	6	15	21	9	5	14	24	1	32	14	19	32	26	10	24	21	17	12	34	15	25	11	20	10	27	21	5	22	500	
3	24	4	12	10	18	22	15	8	1	19	11	6	17	14	20	21	16	5	0	9	3	23	7	13	24	78	69	40	64	119	58	63	60	101	90	34	68	69	86	12	92	101	39	108	86	108	83	23	500	
4	25	14	13	3	4	6	10	1	7	20	9	17	11	18	5	19	2	15	21	22	23	8	12	0	16	24	32	50	76	17	48	68	41	95	52	50	50	49	40	81	44	84	76	45	43	29	40	56	25	75	500	
0	8	8	7	21	22	4	16	3	24	16	16	6	25	22	23	19	500	
1	25	20	14	4	9	8	0	17	23	18	3	10	11	19	16	15	12	21	5	13	7	2	22	6	1	24	10	25	49	22	25	65	16	54	21	38	62	11	23	43	51	24	75	27	64	60	50	29	55	23	500	
2	11	17	10	12	2	6	7	15	16	0	19	24	57	35	55	49	30	62	47	74	23	75	500	
3	25	2	19	20	4	3	10	16	0	12	1	17	7	11	8	23	5	21	22	6	9	14	13	18	15	24	27	52	38	50	41	11	45	27	25	27	32	34	46	25	59	48	19	66	4	61	31	6	32	24	500	
4	22	18	2	17	6	3	11	20	13	4	14	19	21	5	7	9	1	10	15	12	0	23	24	43	9	39	19	31	59	35	36	74	49	65	47	45	22	68	39	19	5	24	49	82	500	
0	24	14	12	1	16	21	18	2	20	6	15	23	11	5	17	7	0	3	4	9	10	13	8	22	24	1	1	1	1	0	1	1	1	0	1	1	1	1	1	1	0	1	1	1	0	0	0	1	500	
1	7	15	8	18	4	11	19	24	40	34	35	43	61	61	500	
2	24	21	6	11	16	5	15	3	8	13	1	7	10	12	0	2	20	17	22	18	14	19	9	23	24	39	16	34	39	35	29	40	6	25	8	51	32	9	30	34	21	11	43	14	14	35	46	49	500	
3	12	2	15	12	5	17	20	0	19	18	11	10	24	15	15	44	50	52	47	83	89	63	81	39	500	
4	10	3	6	20	8	16	17	13	14	12	24	11	4	7	4	10	5	3	4	6	500	
